%  columns="iteration, evaluation, void, void, void, xmean" (startseed=211121, 2015/04/14 9:11:58.21)
0 1 0 0 0 1.000000e+00 1.000000e+00 1.000000e+00 1.000000e+00 
1 9 0 0 0 7.186020e-01 9.907043e-01 8.927199e-01 8.221229e-01 
2 17 0 0 0 6.203797e-01 1.434635e+00 1.101100e+00 4.946122e-01 
3 25 0 0 0 4.415441e-01 5.629649e-01 1.000676e+00 1.631620e-01 
4 33 0 0 0 2.575043e-02 2.211443e-02 8.392212e-01 1.431405e-01 
5 41 0 0 0 1.709041e-01 -8.188280e-02 6.459134e-01 1.744688e-01 
6 49 0 0 0 2.752463e-01 -4.447050e-03 4.734671e-01 4.986447e-02 
7 57 0 0 0 1.670804e-01 2.110491e-01 4.723009e-01 4.183532e-03 
8 65 0 0 0 1.896201e-01 2.089730e-01 5.016521e-01 6.820787e-02 
9 73 0 0 0 5.065240e-02 1.131765e-01 4.432751e-01 -2.248215e-01 
10 81 0 0 0 2.120474e-01 2.380793e-02 2.008316e-01 3.340686e-02 
11 89 0 0 0 3.187110e-01 -2.126064e-02 2.299447e-01 6.025882e-02 
12 97 0 0 0 4.343037e-01 -5.053605e-03 3.785251e-01 1.316496e-01 
13 105 0 0 0 4.325047e-01 -3.304410e-02 2.993721e-01 1.169637e-01 
14 113 0 0 0 4.845289e-01 1.713607e-01 3.754456e-01 8.573054e-02 
15 121 0 0 0 3.857449e-01 6.754379e-02 3.373176e-01 -4.492968e-05 
16 129 0 0 0 3.079068e-01 9.372761e-02 3.673750e-01 3.467643e-02 
17 137 0 0 0 2.338417e-01 6.453655e-02 3.634764e-01 -1.190232e-01 
18 145 0 0 0 2.911473e-01 1.527112e-01 3.557149e-01 4.653986e-02 
19 153 0 0 0 3.345267e-01 2.153128e-01 3.062047e-01 2.858231e-02 
20 161 0 0 0 4.151283e-01 1.681817e-01 3.713424e-01 2.484471e-01 
21 169 0 0 0 2.458644e-01 2.162753e-01 4.287325e-01 -2.679915e-02 
22 177 0 0 0 3.013526e-01 9.750688e-02 4.148002e-01 5.281545e-02 
23 185 0 0 0 3.268851e-01 1.245731e-01 3.874655e-01 7.412927e-02 
24 193 0 0 0 2.835324e-01 1.600282e-01 4.252994e-01 6.134904e-02 
25 201 0 0 0 2.290418e-01 1.443904e-01 4.413969e-01 2.367878e-02 
26 209 0 0 0 3.084002e-01 2.168514e-01 4.471431e-01 9.483455e-02 
27 217 0 0 0 3.175746e-01 2.404188e-01 4.693413e-01 6.727892e-02 
28 225 0 0 0 2.731851e-01 1.637243e-01 4.742007e-01 5.463243e-02 
29 233 0 0 0 1.997479e-01 2.083683e-01 4.255191e-01 1.986002e-02 
30 241 0 0 0 9.157899e-02 2.118311e-01 4.054081e-01 -6.136944e-02 
31 249 0 0 0 2.453211e-01 1.767803e-01 3.507738e-01 1.412641e-02 
32 257 0 0 0 2.487172e-01 8.496216e-02 3.593020e-01 2.320804e-02 
33 265 0 0 0 2.859047e-01 6.037846e-02 2.311131e-01 -3.956785e-02 
34 273 0 0 0 1.831054e-01 9.425426e-02 1.095694e-01 -3.992582e-02 
35 281 0 0 0 2.575858e-01 2.171333e-02 1.067960e-01 1.038758e-01 
36 289 0 0 0 2.539551e-01 1.743945e-01 1.440274e-01 1.747276e-01 
37 297 0 0 0 4.545258e-01 9.721535e-02 2.057233e-01 2.350249e-01 
38 305 0 0 0 3.939580e-01 9.718073e-02 2.897323e-01 6.214379e-02 
39 313 0 0 0 4.444783e-01 2.231859e-01 4.129634e-01 1.856229e-01 
40 321 0 0 0 4.186226e-01 1.265561e-01 4.005254e-01 1.969699e-01 
41 329 0 0 0 3.666786e-01 2.307104e-01 3.697261e-01 1.358024e-01 
42 337 0 0 0 2.887527e-01 2.559061e-01 3.364503e-01 4.106269e-02 
43 345 0 0 0 3.292511e-01 2.014851e-01 3.386512e-01 1.010292e-01 
44 353 0 0 0 3.488632e-01 2.331001e-01 2.864926e-01 7.451225e-02 
45 361 0 0 0 4.427244e-01 2.475785e-01 2.382582e-01 6.032181e-02 
46 369 0 0 0 4.253203e-01 2.559641e-01 1.405322e-01 4.208322e-03 
47 377 0 0 0 4.518016e-01 1.390375e-01 7.540419e-02 8.021173e-02 
48 385 0 0 0 3.852996e-01 9.273678e-02 7.615586e-02 1.671684e-01 
49 393 0 0 0 4.430745e-01 7.005809e-02 1.516114e-01 2.224198e-01 
50 401 0 0 0 4.609396e-01 1.462514e-02 3.601185e-02 2.061451e-01 
51 409 0 0 0 4.233937e-01 4.932656e-02 7.171984e-02 1.840209e-01 
52 417 0 0 0 4.684581e-01 3.613501e-02 5.407231e-02 2.252156e-01 
53 425 0 0 0 5.030268e-01 5.015501e-02 6.808347e-02 2.400518e-01 
54 433 0 0 0 4.832601e-01 1.119980e-01 1.107094e-01 2.567686e-01 
55 441 0 0 0 4.553521e-01 1.819300e-01 1.842025e-01 2.672024e-01 
56 449 0 0 0 3.808846e-01 2.471032e-01 1.786825e-01 2.026409e-01 
57 457 0 0 0 3.828859e-01 2.983226e-01 1.781925e-01 1.996413e-01 
58 465 0 0 0 3.374799e-01 2.089788e-01 7.077196e-02 1.783281e-01 
59 473 0 0 0 3.608878e-01 1.879754e-01 4.151884e-02 1.648026e-01 
60 481 0 0 0 3.890653e-01 2.600754e-01 1.413170e-01 2.659678e-01 
61 489 0 0 0 4.423975e-01 2.669300e-01 2.020514e-01 2.747288e-01 
62 497 0 0 0 4.529160e-01 2.792991e-01 2.625126e-01 2.796559e-01 
63 505 0 0 0 4.612119e-01 2.150855e-01 2.529251e-01 2.926901e-01 
64 513 0 0 0 4.563449e-01 1.958619e-01 2.219620e-01 3.272885e-01 
65 521 0 0 0 4.603898e-01 2.537522e-01 2.837815e-01 3.843841e-01 
66 529 0 0 0 4.485655e-01 2.043694e-01 1.532618e-01 3.028815e-01 
67 537 0 0 0 4.390818e-01 2.729787e-01 1.579414e-01 2.979443e-01 
68 545 0 0 0 3.955697e-01 2.605227e-01 1.517305e-01 2.653046e-01 
69 553 0 0 0 3.789631e-01 2.849684e-01 1.798923e-01 2.930938e-01 
70 561 0 0 0 3.909222e-01 2.719367e-01 1.805792e-01 2.783467e-01 
71 569 0 0 0 3.759540e-01 2.483663e-01 1.422762e-01 2.579201e-01 
72 577 0 0 0 3.464151e-01 3.131841e-01 1.955276e-01 2.378889e-01 
73 585 0 0 0 3.775220e-01 3.089026e-01 2.368993e-01 2.531373e-01 
74 593 0 0 0 4.109261e-01 2.929185e-01 2.686110e-01 2.651295e-01 
75 601 0 0 0 3.780332e-01 3.274698e-01 2.654776e-01 2.020367e-01 
76 609 0 0 0 3.802997e-01 3.004826e-01 2.686007e-01 1.931119e-01 
77 617 0 0 0 4.151305e-01 2.902302e-01 2.923556e-01 2.490355e-01 
78 625 0 0 0 4.331607e-01 2.728475e-01 3.202820e-01 2.800572e-01 
79 633 0 0 0 4.425753e-01 2.738885e-01 3.198227e-01 2.963648e-01 
80 641 0 0 0 4.167141e-01 3.074155e-01 3.121446e-01 2.863905e-01 
81 649 0 0 0 3.796361e-01 3.162271e-01 2.799896e-01 2.557157e-01 
82 657 0 0 0 3.915683e-01 3.197678e-01 2.883572e-01 2.728178e-01 
83 665 0 0 0 3.837647e-01 3.138274e-01 2.856941e-01 2.729747e-01 
84 673 0 0 0 3.902147e-01 3.300701e-01 3.109869e-01 2.779838e-01 
85 681 0 0 0 3.919865e-01 3.349484e-01 3.275051e-01 2.639286e-01 
86 689 0 0 0 3.895666e-01 3.410127e-01 3.324361e-01 2.697525e-01 
87 697 0 0 0 3.929117e-01 3.482247e-01 3.433835e-01 2.770241e-01 
88 705 0 0 0 3.877690e-01 3.552049e-01 3.420228e-01 2.796577e-01 
89 713 0 0 0 3.913325e-01 3.560008e-01 3.431119e-01 2.839797e-01 
90 721 0 0 0 3.923329e-01 3.492568e-01 3.306540e-01 2.795511e-01 
91 729 0 0 0 4.056786e-01 3.458245e-01 3.405536e-01 2.896099e-01 
92 737 0 0 0 4.092054e-01 3.380741e-01 3.445909e-01 2.959126e-01 
93 745 0 0 0 4.078295e-01 3.354430e-01 3.375207e-01 2.896280e-01 
94 753 0 0 0 4.086896e-01 3.271264e-01 3.340352e-01 2.871087e-01 
95 761 0 0 0 4.116174e-01 3.151421e-01 3.239181e-01 2.877137e-01 
96 769 0 0 0 3.971775e-01 3.360632e-01 3.321481e-01 2.729435e-01 
97 777 0 0 0 3.988142e-01 3.293573e-01 3.341820e-01 2.779406e-01 
98 785 0 0 0 3.999866e-01 3.233233e-01 3.226901e-01 2.747873e-01 
99 793 0 0 0 3.979608e-01 3.288871e-01 3.248660e-01 2.657829e-01 
100 801 0 0 0 3.939137e-01 3.346000e-01 3.211676e-01 2.617349e-01 
101 809 0 0 0 3.990813e-01 3.329098e-01 3.306027e-01 2.770717e-01 
102 817 0 0 0 4.025950e-01 3.311568e-01 3.339246e-01 2.775460e-01 
103 825 0 0 0 3.989051e-01 3.302979e-01 3.344831e-01 2.692810e-01 
104 833 0 0 0 3.951417e-01 3.243552e-01 3.183745e-01 2.648341e-01 
105 841 0 0 0 3.890850e-01 3.299326e-01 3.180273e-01 2.583358e-01 
