%  columns=["iteration, evaluation, sigma, void, void, stds==sigma*sqrt(diag(C))" (startseed=211121, 2015/04/14 9:11:58.21)
1 9 4.269039e-01 0 0 4.146818e-01 4.051043e-01 4.162480e-01 4.096051e-01 
2 17 4.530856e-01 0 0 4.285563e-01 4.577235e-01 4.327217e-01 4.453011e-01 
3 25 4.293872e-01 0 0 4.016694e-01 5.000000e-01 3.894474e-01 4.454670e-01 
4 33 3.723417e-01 0 0 3.817152e-01 5.000000e-01 3.336322e-01 3.879666e-01 
5 41 3.726280e-01 0 0 3.688357e-01 5.000000e-01 3.312866e-01 3.675025e-01 
6 49 3.592847e-01 0 0 3.433641e-01 4.719257e-01 3.216968e-01 3.426776e-01 
7 57 3.192734e-01 0 0 2.911594e-01 3.992255e-01 2.742327e-01 2.898128e-01 
8 65 2.460430e-01 0 0 2.122604e-01 2.948116e-01 2.015750e-01 2.133279e-01 
9 73 2.516381e-01 0 0 2.175250e-01 2.886979e-01 1.991330e-01 2.422946e-01 
10 81 2.660330e-01 0 0 2.237948e-01 2.947070e-01 2.346467e-01 2.572468e-01 
11 89 2.478223e-01 0 0 2.071847e-01 2.613758e-01 2.096584e-01 2.312676e-01 
12 97 2.383252e-01 0 0 2.008932e-01 2.388914e-01 1.998345e-01 2.150913e-01 
13 105 1.988276e-01 0 0 1.600596e-01 1.884327e-01 1.579983e-01 1.693483e-01 
14 113 1.882339e-01 0 0 1.460692e-01 1.849670e-01 1.437613e-01 1.534434e-01 
15 121 1.578613e-01 0 0 1.184429e-01 1.503609e-01 1.180000e-01 1.288887e-01 
16 129 1.448375e-01 0 0 1.117848e-01 1.319247e-01 1.043835e-01 1.156989e-01 
17 137 1.491141e-01 0 0 1.213136e-01 1.308685e-01 1.013137e-01 1.382519e-01 
18 145 1.353453e-01 0 0 1.051326e-01 1.176019e-01 8.768122e-02 1.273738e-01 
19 153 1.323273e-01 0 0 9.833895e-02 1.144246e-01 8.336608e-02 1.187507e-01 
20 161 1.565626e-01 0 0 1.222341e-01 1.298982e-01 9.760405e-02 1.767787e-01 
21 169 1.530685e-01 0 0 1.262620e-01 1.267122e-01 9.575221e-02 1.833480e-01 
22 177 1.396592e-01 0 0 1.097118e-01 1.169791e-01 8.281923e-02 1.587658e-01 
23 185 1.085998e-01 0 0 8.138996e-02 8.600440e-02 6.274699e-02 1.166462e-01 
24 193 9.331737e-02 0 0 7.159626e-02 7.060102e-02 5.375963e-02 1.016364e-01 
25 201 8.844082e-02 0 0 6.910546e-02 6.390972e-02 4.944998e-02 9.247188e-02 
26 209 8.684833e-02 0 0 7.016341e-02 7.012622e-02 4.869250e-02 8.926584e-02 
27 217 8.660056e-02 0 0 6.746150e-02 6.918374e-02 4.767236e-02 8.512456e-02 
28 225 8.037884e-02 0 0 6.156414e-02 6.571989e-02 4.277959e-02 7.602994e-02 
29 233 1.011569e-01 0 0 8.566969e-02 8.027524e-02 5.546551e-02 9.338719e-02 
30 241 1.296372e-01 0 0 1.321331e-01 9.805475e-02 7.023742e-02 1.268451e-01 
31 249 1.340069e-01 0 0 1.355173e-01 9.732738e-02 7.832417e-02 1.269298e-01 
32 257 1.262968e-01 0 0 1.216641e-01 9.526125e-02 7.069983e-02 1.145007e-01 
33 265 1.625244e-01 0 0 1.502427e-01 1.236188e-01 1.169237e-01 1.427355e-01 
34 273 2.133528e-01 0 0 1.939462e-01 1.671541e-01 1.620466e-01 1.830277e-01 
35 281 2.324979e-01 0 0 2.038454e-01 1.780207e-01 1.685848e-01 1.974484e-01 
36 289 2.332139e-01 0 0 1.943362e-01 1.801717e-01 1.608466e-01 1.968120e-01 
37 297 2.190456e-01 0 0 1.927511e-01 1.658739e-01 1.461967e-01 1.809617e-01 
38 305 2.270644e-01 0 0 1.912937e-01 1.685872e-01 1.511396e-01 1.875277e-01 
39 313 2.264441e-01 0 0 1.818839e-01 1.716044e-01 1.607365e-01 1.801307e-01 
40 321 1.977229e-01 0 0 1.508434e-01 1.428589e-01 1.367120e-01 1.492710e-01 
41 329 1.711275e-01 0 0 1.242007e-01 1.225283e-01 1.152861e-01 1.250304e-01 
42 337 1.628115e-01 0 0 1.177228e-01 1.121863e-01 1.051548e-01 1.205841e-01 
43 345 1.251066e-01 0 0 8.579236e-02 8.194786e-02 7.941433e-02 8.783656e-02 
44 353 1.194600e-01 0 0 8.010987e-02 7.533372e-02 7.482652e-02 7.967377e-02 
45 361 1.561108e-01 0 0 1.076184e-01 9.597742e-02 9.694183e-02 1.013079e-01 
46 369 1.896329e-01 0 0 1.248419e-01 1.119205e-01 1.279158e-01 1.202549e-01 
47 377 2.002772e-01 0 0 1.259580e-01 1.225908e-01 1.377433e-01 1.220319e-01 
48 385 2.226471e-01 0 0 1.350367e-01 1.362477e-01 1.478131e-01 1.362960e-01 
49 393 2.095838e-01 0 0 1.214366e-01 1.277557e-01 1.335009e-01 1.286557e-01 
50 401 1.946937e-01 0 0 1.068750e-01 1.171309e-01 1.278737e-01 1.136112e-01 
51 409 1.511267e-01 0 0 7.900606e-02 8.614730e-02 9.405762e-02 8.306990e-02 
52 417 1.278140e-01 0 0 6.463002e-02 6.959350e-02 7.647800e-02 6.826558e-02 
53 425 1.130653e-01 0 0 5.708284e-02 5.823219e-02 6.396115e-02 5.779582e-02 
54 433 1.150321e-01 0 0 5.623843e-02 6.306661e-02 6.615464e-02 5.708399e-02 
55 441 1.358085e-01 0 0 6.467377e-02 8.779688e-02 8.621856e-02 6.435952e-02 
56 449 1.579714e-01 0 0 8.336938e-02 1.112672e-01 9.776168e-02 7.566318e-02 
57 457 1.621035e-01 0 0 8.266577e-02 1.182132e-01 9.544295e-02 7.516230e-02 
58 465 1.714951e-01 0 0 9.055381e-02 1.211826e-01 1.043321e-01 7.763881e-02 
59 473 1.538911e-01 0 0 7.685104e-02 1.033739e-01 9.247609e-02 6.670080e-02 
60 481 1.614180e-01 0 0 7.780316e-02 1.074088e-01 9.919069e-02 7.852096e-02 
61 489 1.588770e-01 0 0 7.748996e-02 1.036932e-01 1.008778e-01 7.579354e-02 
62 497 1.569727e-01 0 0 7.513924e-02 9.705751e-02 1.028803e-01 7.232393e-02 
63 505 1.488322e-01 0 0 6.823777e-02 8.986165e-02 9.369348e-02 6.545671e-02 
64 513 1.401183e-01 0 0 6.064661e-02 8.220501e-02 8.575177e-02 6.135294e-02 
65 521 1.476459e-01 0 0 6.217729e-02 8.536948e-02 8.906343e-02 7.537045e-02 
66 529 1.424043e-01 0 0 5.688656e-02 7.898044e-02 9.250127e-02 7.202345e-02 
67 537 1.459520e-01 0 0 5.589426e-02 8.050057e-02 9.216190e-02 7.008619e-02 
68 545 1.314630e-01 0 0 5.089905e-02 6.922346e-02 8.044274e-02 6.180891e-02 
69 553 1.231135e-01 0 0 4.972346e-02 6.335266e-02 7.490988e-02 5.875048e-02 
70 561 9.660954e-02 0 0 3.712971e-02 4.690245e-02 5.591063e-02 4.576951e-02 
71 569 8.498364e-02 0 0 3.139093e-02 3.973408e-02 4.820310e-02 3.916213e-02 
72 577 9.793286e-02 0 0 3.876551e-02 5.206276e-02 5.650131e-02 4.481621e-02 
73 585 1.019717e-01 0 0 3.931737e-02 5.375068e-02 6.124700e-02 4.511147e-02 
74 593 1.121966e-01 0 0 4.442095e-02 5.764355e-02 7.008213e-02 4.774901e-02 
75 601 1.232544e-01 0 0 4.716739e-02 6.166441e-02 7.365147e-02 5.683403e-02 
76 609 1.249923e-01 0 0 4.557782e-02 5.956154e-02 7.095492e-02 5.672402e-02 
77 617 1.114877e-01 0 0 4.057197e-02 5.180736e-02 6.278439e-02 5.068515e-02 
78 625 1.101099e-01 0 0 3.970066e-02 4.969256e-02 6.149780e-02 5.089821e-02 
79 633 9.716974e-02 0 0 3.419910e-02 4.210932e-02 5.192369e-02 4.467309e-02 
80 641 8.859555e-02 0 0 3.156068e-02 3.969670e-02 4.462206e-02 4.106094e-02 
81 649 9.110031e-02 0 0 3.568153e-02 4.156483e-02 4.935162e-02 4.200736e-02 
82 657 7.866069e-02 0 0 2.928787e-02 3.448004e-02 4.130323e-02 3.434946e-02 
83 665 6.868185e-02 0 0 2.441117e-02 2.894431e-02 3.430624e-02 2.823921e-02 
84 673 5.937781e-02 0 0 2.030765e-02 2.447109e-02 2.931279e-02 2.315016e-02 
85 681 5.949522e-02 0 0 1.949561e-02 2.357865e-02 2.956263e-02 2.264979e-02 
86 689 5.155992e-02 0 0 1.594256e-02 1.967434e-02 2.486447e-02 1.859122e-02 
87 697 4.623376e-02 0 0 1.400797e-02 1.758403e-02 2.231721e-02 1.650661e-02 
88 705 4.255846e-02 0 0 1.226215e-02 1.611013e-02 1.996068e-02 1.445895e-02 
89 713 3.759059e-02 0 0 1.061979e-02 1.354719e-02 1.702701e-02 1.314443e-02 
90 721 3.456420e-02 0 0 9.280843e-03 1.192542e-02 1.555917e-02 1.147445e-02 
91 729 3.799090e-02 0 0 1.197891e-02 1.255641e-02 1.715095e-02 1.321903e-02 
92 737 3.739345e-02 0 0 1.188946e-02 1.235086e-02 1.614329e-02 1.344797e-02 
93 745 3.264643e-02 0 0 9.957195e-03 1.046100e-02 1.342062e-02 1.116067e-02 
94 753 3.233462e-02 0 0 9.448115e-03 1.089529e-02 1.282695e-02 1.076226e-02 
95 761 3.543688e-02 0 0 1.005098e-02 1.371358e-02 1.437049e-02 1.119872e-02 
96 769 3.741620e-02 0 0 1.174464e-02 1.564234e-02 1.467944e-02 1.307244e-02 
97 777 3.691467e-02 0 0 1.125933e-02 1.478538e-02 1.375475e-02 1.231707e-02 
98 785 3.231319e-02 0 0 9.385245e-03 1.257536e-02 1.201121e-02 1.039882e-02 
99 793 3.334663e-02 0 0 9.300314e-03 1.255330e-02 1.201206e-02 1.119126e-02 
100 801 3.318828e-02 0 0 9.131308e-03 1.235459e-02 1.142441e-02 1.109821e-02 
101 809 3.111321e-02 0 0 8.231390e-03 1.100176e-02 1.081370e-02 1.116169e-02 
102 817 2.709675e-02 0 0 6.939412e-03 9.086513e-03 9.124807e-03 9.320413e-03 
103 825 2.877815e-02 0 0 7.046148e-03 9.208249e-03 9.396168e-03 9.818254e-03 
104 833 3.032627e-02 0 0 7.324509e-03 9.682247e-03 1.145974e-02 1.023425e-02 
105 841 2.999128e-02 0 0 7.638033e-03 9.180996e-03 1.110992e-02 1.036748e-02 
